2024 5 1 0 0 0 -6.2461 107.9153 -0.0260 0.0280 317.1211
2024 5 1 6 0 0 -6.2461 107.9153 -0.0360 0.0270 306.8699
2024 5 1 12 0 0 -6.2461 107.9153 -0.0320 0.0310 314.0906
2024 5 1 18 0 0 -6.2461 107.9153 -0.0290 0.0290 315.0000
2024 5 2 0 0 0 -6.2461 107.9153 -0.0270 0.0300 318.0128
2024 5 2 6 0 0 -6.2461 107.9153 -0.0370 0.0250 304.0459
2024 5 2 12 0 0 -6.2461 107.9153 -0.0270 0.0210 307.8750
2024 5 2 18 0 0 -6.2461 107.9153 -0.0280 0.0230 309.4007
2024 5 3 0 0 0 -6.2461 107.9153 -0.0270 0.0280 316.0416
2024 5 3 6 0 0 -6.2461 107.9153 -0.0320 0.0250 307.9987
2024 5 3 12 0 0 -6.2461 107.9153 -0.0240 0.0210 311.1859
2024 5 3 18 0 0 -6.2461 107.9153 -0.0180 0.0220 320.7106
2024 5 4 0 0 0 -6.2461 107.9153 -0.0110 0.0210 332.3540
2024 5 4 6 0 0 -6.2461 107.9153 -0.0040 0.0270 351.5730
2024 5 4 12 0 0 -6.2461 107.9153 0.0000 0.0120 0.0000
2024 5 4 18 0 0 -6.2461 107.9153 0.0010 0.0060 9.4623
2024 5 5 0 0 0 -6.2461 107.9153 0.0010 0.0080 7.1250
2024 5 5 6 0 0 -6.2461 107.9153 0.0090 0.0220 22.2490
2024 5 5 12 0 0 -6.2461 107.9153 0.0030 0.0090 18.4349
2024 5 5 18 0 0 -6.2461 107.9153 0.0020 0.0050 21.8014
2024 5 6 0 0 0 -6.2461 107.9153 0.0050 0.0050 45.0000
2024 5 6 6 0 0 -6.2461 107.9153 0.0150 0.0220 34.2869
2024 5 6 12 0 0 -6.2461 107.9153 -0.0060 0.0060 315.0000
2024 5 6 18 0 0 -6.2461 107.9153 -0.0080 0.0070 311.1859
2024 5 7 0 0 0 -6.2461 107.9153 -0.0070 0.0130 331.6992
2024 5 7 6 0 0 -6.2461 107.9153 -0.0130 0.0190 325.6197
2024 5 7 12 0 0 -6.2461 107.9153 -0.0110 0.0080 306.0274
2024 5 7 18 0 0 -6.2461 107.9153 -0.0040 0.0090 336.0375
2024 5 8 0 0 0 -6.2461 107.9153 -0.0020 0.0120 350.5377
2024 5 8 6 0 0 -6.2461 107.9153 0.0000 0.0260 0.0000
2024 5 8 12 0 0 -6.2461 107.9153 -0.0030 0.0100 343.3008
2024 5 8 18 0 0 -6.2461 107.9153 -0.0040 0.0120 341.5651
2024 5 9 0 0 0 -6.2461 107.9153 -0.0130 0.0210 328.2405
2024 5 9 6 0 0 -6.2461 107.9153 -0.0250 0.0230 312.6141
2024 5 9 12 0 0 -6.2461 107.9153 -0.0250 0.0180 305.7539
2024 5 9 18 0 0 -6.2461 107.9153 -0.0300 0.0270 311.9872
2024 5 10 0 0 0 -6.2461 107.9153 -0.0300 0.0290 314.0290
2024 5 10 6 0 0 -6.2461 107.9153 -0.0410 0.0280 304.3302
2024 5 10 12 0 0 -6.2461 107.9153 -0.0330 0.0290 311.3086
2024 5 10 18 0 0 -6.2461 107.9153 -0.0320 0.0320 315.0000
2024 5 11 0 0 0 -6.2461 107.9153 -0.0330 0.0360 317.4896
2024 5 11 6 0 0 -6.2461 107.9153 -0.0360 0.0270 306.8699
2024 5 11 12 0 0 -6.2461 107.9153 -0.0370 0.0310 309.9575
2024 5 11 18 0 0 -6.2461 107.9153 -0.0320 0.0320 315.0000
2024 5 12 0 0 0 -6.2461 107.9153 -0.0290 0.0340 319.5378
2024 5 12 6 0 0 -6.2461 107.9153 -0.0370 0.0310 309.9575
2024 5 12 12 0 0 -6.2461 107.9153 -0.0330 0.0330 315.0000
2024 5 12 18 0 0 -6.2461 107.9153 -0.0340 0.0310 312.3575
2024 5 13 0 0 0 -6.2461 107.9153 -0.0340 0.0310 312.3575
2024 5 13 6 0 0 -6.2461 107.9153 -0.0410 0.0260 302.3807
2024 5 13 12 0 0 -6.2461 107.9153 -0.0310 0.0210 304.1145
2024 5 13 18 0 0 -6.2461 107.9153 -0.0290 0.0270 312.9546
2024 5 14 0 0 0 -6.2461 107.9153 -0.0230 0.0280 320.5993
2024 5 14 6 0 0 -6.2461 107.9153 -0.0270 0.0260 313.9191
2024 5 14 12 0 0 -6.2461 107.9153 -0.0200 0.0200 315.0000
2024 5 14 18 0 0 -6.2461 107.9153 -0.0220 0.0230 316.2730
2024 5 15 0 0 0 -6.2461 107.9153 -0.0260 0.0290 318.1221
2024 5 15 6 0 0 -6.2461 107.9153 -0.0360 0.0260 305.8377
2024 5 15 12 0 0 -6.2461 107.9153 -0.0300 0.0240 308.6598
2024 5 15 18 0 0 -6.2461 107.9153 -0.0360 0.0320 311.6335
2024 5 16 0 0 0 -6.2461 107.9153 -0.0290 0.0320 317.8156
2024 5 16 6 0 0 -6.2461 107.9153 -0.0340 0.0310 312.3575
2024 5 16 12 0 0 -6.2461 107.9153 -0.0310 0.0230 306.5730
2024 5 16 18 0 0 -6.2461 107.9153 -0.0230 0.0250 317.3859
2024 5 17 0 0 0 -6.2461 107.9153 -0.0260 0.0280 317.1211
2024 5 17 6 0 0 -6.2461 107.9153 -0.0360 0.0290 308.8534
2024 5 17 12 0 0 -6.2461 107.9153 -0.0230 0.0180 308.0470
2024 5 17 18 0 0 -6.2461 107.9153 -0.0170 0.0220 322.3058
2024 5 18 0 0 0 -6.2461 107.9153 -0.0090 0.0210 336.8014
2024 5 18 6 0 0 -6.2461 107.9153 -0.0190 0.0270 324.8658
2024 5 18 12 0 0 -6.2461 107.9153 -0.0210 0.0180 310.6013
2024 5 18 18 0 0 -6.2461 107.9153 -0.0130 0.0200 326.9761
2024 5 19 0 0 0 -6.2461 107.9153 -0.0100 0.0190 332.2415
2024 5 19 6 0 0 -6.2461 107.9153 -0.0110 0.0270 337.8337
2024 5 19 12 0 0 -6.2461 107.9153 -0.0220 0.0130 300.5792
2024 5 19 18 0 0 -6.2461 107.9153 -0.0230 0.0250 317.3859
2024 5 20 0 0 0 -6.2461 107.9153 -0.0250 0.0270 317.2026
2024 5 20 6 0 0 -6.2461 107.9153 -0.0180 0.0330 331.3895
2024 5 20 12 0 0 -6.2461 107.9153 -0.0240 0.0170 305.3112
2024 5 20 18 0 0 -6.2461 107.9153 -0.0210 0.0250 319.9697
2024 5 21 0 0 0 -6.2461 107.9153 -0.0200 0.0280 324.4623
2024 5 21 6 0 0 -6.2461 107.9153 -0.0210 0.0290 324.0903
2024 5 21 12 0 0 -6.2461 107.9153 -0.0230 0.0190 309.5597
2024 5 21 18 0 0 -6.2461 107.9153 -0.0220 0.0200 312.2737
2024 5 22 0 0 0 -6.2461 107.9153 -0.0250 0.0290 319.2364
2024 5 22 6 0 0 -6.2461 107.9153 -0.0330 0.0280 310.3141
2024 5 22 12 0 0 -6.2461 107.9153 -0.0200 0.0200 315.0000
2024 5 22 18 0 0 -6.2461 107.9153 -0.0180 0.0220 320.7106
2024 5 23 0 0 0 -6.2461 107.9153 -0.0210 0.0270 322.1250
2024 5 23 6 0 0 -6.2461 107.9153 -0.0240 0.0250 316.1691
2024 5 23 12 0 0 -6.2461 107.9153 -0.0180 0.0150 309.8056
2024 5 23 18 0 0 -6.2461 107.9153 -0.0140 0.0170 320.5275
2024 5 24 0 0 0 -6.2461 107.9153 -0.0230 0.0270 319.5739
2024 5 24 6 0 0 -6.2461 107.9153 -0.0340 0.0240 305.2176
2024 5 24 12 0 0 -6.2461 107.9153 -0.0260 0.0260 315.0000
2024 5 24 18 0 0 -6.2461 107.9153 -0.0250 0.0270 317.2026
2024 5 25 0 0 0 -6.2461 107.9153 -0.0260 0.0260 315.0000
2024 5 25 6 0 0 -6.2461 107.9153 -0.0380 0.0260 304.3803
2024 5 25 12 0 0 -6.2461 107.9153 -0.0220 0.0210 313.6678
2024 5 25 18 0 0 -6.2461 107.9153 -0.0190 0.0210 317.8624
2024 5 26 0 0 0 -6.2461 107.9153 -0.0220 0.0240 317.4896
2024 5 26 6 0 0 -6.2461 107.9153 -0.0270 0.0240 311.6335
2024 5 26 12 0 0 -6.2461 107.9153 -0.0220 0.0170 307.6942
2024 5 26 18 0 0 -6.2461 107.9153 -0.0230 0.0230 315.0000
2024 5 27 0 0 0 -6.2461 107.9153 -0.0240 0.0260 317.2906
2024 5 27 6 0 0 -6.2461 107.9153 -0.0350 0.0250 305.5377
2024 5 27 12 0 0 -6.2461 107.9153 -0.0260 0.0220 310.2364
2024 5 27 18 0 0 -6.2461 107.9153 -0.0270 0.0260 313.9191
2024 5 28 0 0 0 -6.2461 107.9153 -0.0240 0.0260 317.2906
2024 5 28 6 0 0 -6.2461 107.9153 -0.0400 0.0290 305.9421
2024 5 28 12 0 0 -6.2461 107.9153 -0.0270 0.0240 311.6335
2024 5 28 18 0 0 -6.2461 107.9153 -0.0250 0.0240 313.8309
2024 5 29 0 0 0 -6.2461 107.9153 -0.0300 0.0320 316.8476
2024 5 29 6 0 0 -6.2461 107.9153 -0.0370 0.0270 306.1193
2024 5 29 12 0 0 -6.2461 107.9153 -0.0300 0.0280 313.0251
2024 5 29 18 0 0 -6.2461 107.9153 -0.0240 0.0240 315.0000
2024 5 30 0 0 0 -6.2461 107.9153 -0.0190 0.0240 321.6325
2024 5 30 6 0 0 -6.2461 107.9153 -0.0260 0.0290 318.1221
2024 5 30 12 0 0 -6.2461 107.9153 -0.0210 0.0160 307.3039
2024 5 30 18 0 0 -6.2461 107.9153 -0.0200 0.0230 318.9909
2024 5 31 0 0 0 -6.2461 107.9153 -0.0240 0.0290 320.3893
2024 5 31 6 0 0 -6.2461 107.9153 -0.0310 0.0230 306.5730
2024 5 31 12 0 0 -6.2461 107.9153 -0.0300 0.0270 311.9872
2024 5 31 18 0 0 -6.2461 107.9153 -0.0260 0.0280 317.1211
